  0.5489	 62
  0.7459	 75
  0.5164	 87
  0.5598	 95
  0.6182	 232
  0.6537	 279
  0.6172	 290
  0.6779	 298
  0.6333	 323
  0.8917	 324
  0.6385	 347
  0.8880	 359
  0.5339	 363
  0.7525	 407
  0.6942	 458
  0.8366	 499
  0.5839	 525
  0.8298	 556
  0.5169	 564
  0.5363	 569
  0.7916	 608
  0.7518	 628
  0.5433	 638
  0.8629	 655
  0.8175	 687
  0.8545	 693
  0.5345	 763
  0.5937	 768
  0.5735	 802
  0.8747	 854
  0.5252	 861
  0.6811	 862
  0.8895	 864
  0.7051	 893
  0.8111	 905
  0.5723	 963
  0.8940	 999
  0.8392	 1019
  0.5669	 1040
  0.7926	 1043
  0.8215	 1081
  0.8625	 1207
  0.6500	 1251
  0.8981	 1282
  0.6091	 1300
  0.6671	 1318
  0.7983	 1351
  0.6571	 1354
  0.5406	 1368
  0.6229	 1390
  0.6031	 1441
  0.8762	 1459
  0.5446	 1462
  0.5330	 1548
  0.5772	 1550
  0.6219	 1555
  0.8989	 1575
  0.5798	 1580
  0.7905	 1582
  0.7872	 1631
  0.5253	 1635
  0.6404	 1636
  0.8783	 1642
  0.5392	 1643
  0.5160	 1650
  0.7360	 1676
  0.8493	 1708
  0.8577	 1712
  0.8684	 1735
  0.7033	 1763
  0.8958	 1764
  0.5787	 1767
  0.6510	 1782
  0.7171	 1795
  0.5431	 1840
  0.6059	 1857
  0.7355	 1871
  0.5522	 1932
  0.8368	 1961
  0.8084	 1964
  0.7194	 1984
  0.7902	 1987
  0.7042	 2037
  0.5077	 2054
  0.6275	 2093
  0.8648	 2103
  0.5266	 2130
  0.8222	 2149
  0.7923	 2187
  0.7800	 2203
  0.5358	 2224
  0.8723	 2347
  0.5096	 2372
  0.8600	 2379
  0.6654	 2408
  0.6901	 2423
  0.7528	 2435
  0.7089	 2457
  0.6531	 2464
  0.8882	 2490
  0.5776	 2540
  0.7140	 2545
  0.8811	 2556
  0.5031	 2613
  0.7411	 2626
  0.7204	 2631
  0.6654	 2664
  0.7993	 2665
  0.8889	 2798
  0.8040	 2805
  0.6056	 2835
  0.5985	 2844
  0.7867	 2845
  0.7410	 2924
  0.5991	 2934
  0.8589	 2947
  0.8250	 3004
  0.8748	 3041
  0.7399	 3198
  0.6365	 3272
  0.6513	 3292
  0.5791	 3294
  0.5797	 3302
  0.6155	 3322
  0.7648	 3323
  0.7714	 3329
  0.8398	 3343
  0.7971	 3378
  0.5424	 3389
  0.5480	 3411
  0.8344	 3416
  0.7889	 3433
  0.8036	 3521
  0.5178	 3548
  0.8206	 3559
  0.5855	 3563
  0.8868	 3565
  0.6241	 3569
  0.8412	 3580
  0.7285	 3609
  0.8958	 3622
  0.5444	 3642
  0.6636	 3649
  0.6848	 3659
  0.6840	 3661
  0.5972	 3673
  0.5273	 3722
  0.7047	 3725
  0.8670	 3739
  0.6848	 3759
  0.6820	 3777
  0.8462	 3793
  0.8475	 3803
  0.6403	 3864
  0.5916	 3913
  0.7300	 3934
  0.5151	 3945
  0.7080	 3951
  0.8622	 3967
  0.8828	 3980
  0.6735	 4009
  0.5582	 4045
  0.7591	 4057
  0.8703	 4111
  0.6130	 4117
  0.5566	 4119
  0.5428	 4135
  0.6749	 4156
  0.7049	 4178
  0.7652	 4180
  0.6975	 4183
  0.8021	 4192
  0.8599	 4209
  0.6291	 4215
  0.8334	 4243
  0.7992	 4275
  0.8712	 4360
  0.6576	 4362
  0.5168	 4386
  0.5923	 4411
  0.8156	 4435
  0.5145	 4497
  0.8347	 4521
  0.6979	 4633
  0.5500	 4652
  0.8750	 4708
  0.6996	 4736
  0.7708	 4739
  0.8853	 4741
  0.7092	 4745
  0.6588	 4771
  0.6410	 4777
  0.8862	 4784
  0.8938	 4812
  0.7275	 4834
  0.7863	 4845
  0.5965	 4856
  0.5085	 4900
  0.7818	 4902
  0.7609	 4928
  0.7081	 4958
  0.8613	 4959
  0.8101	 4960
  0.8494	 5007
  0.5853	 5017
  0.6121	 5019
  0.7895	 5034
  0.7899	 5067
  0.7893	 5086
  0.7489	 5107
  0.5336	 5122
  0.8322	 5128
  0.5114	 5164
  0.6654	 5169
  0.5575	 5268
  0.5663	 5323
  0.6423	 5332
  0.7124	 5354
  0.8596	 5386
  0.5666	 5389
  0.5122	 5441
  0.5157	 5449
  0.5543	 5457
  0.8933	 5461
  0.6021	 5502
  0.8867	 5517
  0.7800	 5525
  0.8095	 5583
  0.8726	 5592
  0.7711	 5627
  0.5308	 5653
  0.7777	 5657
  0.7284	 5693
  0.6006	 5735
  0.5952	 5765
  0.7131	 5786
  0.5433	 5787
  0.7784	 5808
  0.5235	 5831
  0.7697	 5835
  0.6334	 5837
  0.7166	 5870
  0.7448	 5874
  0.6772	 5885
  0.8540	 5912
  0.8123	 5927
  0.5117	 5999
  0.5542	 6019
  0.8187	 6061
  0.7793	 6073
  0.6151	 6087
  0.8533	 6099
  0.5181	 6124
  0.7703	 6141
  0.7169	 6203
  0.8980	 6204
  0.7718	 6257
  0.7185	 6267
  0.5859	 6317
  0.8901	 6339
  0.7850	 6344
  0.8783	 6414
  0.8798	 6464
  0.7923	 6484
  0.8679	 6514
  0.6975	 6518
  0.7354	 6585
  0.5274	 6588
  0.6603	 6614
  0.5535	 6624
  0.5226	 6631
  0.5548	 6635
  0.7580	 6637
  0.5230	 6639
  0.7856	 6655
  0.8187	 6676
  0.6094	 6703
  0.5310	 6763
  0.5150	 6774
  0.7061	 6783
  0.7080	 6793
  0.7335	 6802
  0.8295	 6815
  0.6799	 6843
  0.5608	 6868
  0.7617	 6930
  0.8839	 6933
  0.8240	 6943
  0.8859	 6969
  0.8438	 7040
  0.8737	 7041
  0.8234	 7149
  0.7295	 7183
  0.5028	 7212
  0.5717	 7280
  0.6952	 7288
  0.5795	 7295
  0.5491	 7350
  0.7225	 7385
  0.6618	 7404
  0.7699	 7425
  0.7885	 7495
  0.8816	 7507
  0.8824	 7530
  0.6242	 7548
  0.5030	 7575
  0.5826	 7594
  0.5077	 7596
  0.8683	 7617
  0.6699	 7634
  0.8357	 7647
  0.7829	 7660
  0.5739	 7664
  0.5457	 7734
  0.6716	 7769
  0.6812	 7820
  0.8092	 7839
  0.5126	 7881
  0.6323	 7885
  0.7186	 7915
  0.6757	 7920
  0.8215	 7935
  0.6861	 7948
  0.6591	 7971
  0.7031	 7978
  0.6247	 7982
  0.5513	 8016
  0.7224	 8030
  0.8900	 8036
  0.8160	 8078
  0.5469	 8123
  0.7198	 8182
  0.6032	 8200
  0.7896	 8225
  0.7145	 8262
  0.5414	 8264
  0.5997	 8271
  0.7959	 8326
  0.7332	 8375
  0.8310	 8379
  0.8676	 8409
  0.8238	 8415
  0.7971	 8420
  0.7857	 8451
  0.5827	 8471
  0.7158	 8475
  0.7449	 8485
  0.7821	 8507
  0.7770	 8516
  0.5449	 8518
  0.7904	 8526
  0.7655	 8529
  0.6558	 8559
  0.6512	 8565
  0.8785	 8585
  0.6505	 8632
  0.7611	 8711
  0.5278	 8717
  0.8306	 8757
  0.7633	 8777
  0.5297	 8784
  0.5146	 8788
  0.7236	 8808
  0.7976	 8856
  0.7829	 8927
  0.8076	 8963
  0.7718	 8970
  0.7484	 8998
  0.8746	 9023
  0.6092	 9037
  0.5594	 9068
  0.6392	 9074
  0.6745	 9145
  0.7987	 9201
  0.6147	 9212
  0.5516	 9261
  0.7524	 9265
  0.8399	 9285
  0.8177	 9287
  0.6698	 9288
  0.5011	 9396
  0.7989	 9414
  0.7621	 9478
  0.6776	 9518
  0.5739	 9535
  0.6007	 9541
  0.8677	 9565
  0.5135	 9607
  0.6388	 9611
  0.8037	 9613
  0.6035	 9649
  0.8275	 9662
  0.5502	 9667
  0.6001	 9668
  0.7749	 9683
  0.7313	 9705
  0.5980	 9711
  0.8367	 9712
  0.8434	 9782
  0.8593	 9801
  0.8616	 9836
  0.8411	 9845
  0.5300	 9867
  0.7536	 9898
  0.5666	 9934
  0.8054	 9944
  0.5908	 9953
  0.6770	 9971
  0.6708	 9973
  0.6277	 10037
  0.5101	 10046
  0.7815	 10065
  0.7728	 10133
  0.7391	 10149
  0.7008	 10153
  0.5174	 10168
  0.7737	 10174
  0.6408	 10177
  0.7639	 10264
  0.7992	 10292
  0.6729	 10313
  0.6259	 10326
  0.6077	 10362
  0.5027	 10412
  0.6023	 10499
  0.5777	 10516
  0.6404	 10524
  0.8265	 10536
  0.6441	 10550
  0.7396	 10589
  0.6601	 10607
  0.6122	 10609
  0.6357	 10612
  0.5358	 10616
  0.7995	 10645
  0.6388	 10658
  0.7105	 10663
  0.6583	 10668
  0.8542	 10682
  0.5569	 10777
  0.7340	 10785
  0.6956	 10819
  0.7135	 10860
  0.6616	 10872
  0.7570	 10889
  0.7127	 10935
  0.7325	 10960
  0.8247	 10964
  0.6213	 10983
  0.6593	 10994
  0.5399	 11022
  0.7816	 11059
  0.7892	 11113
  0.8537	 11116
  0.7995	 11128
  0.8011	 11144
  0.8797	 11165
  0.5800	 11241
  0.5913	 11249
  0.5995	 11311
  0.6401	 11407
  0.7475	 11503
  0.5515	 11520
  0.6550	 11529
  0.8914	 11550
  0.6709	 11574
  0.7226	 11585
  0.6789	 11597
  0.8420	 11657
  0.6659	 11663
  0.8579	 11668
  0.5342	 11679
  0.5079	 11681
  0.8431	 11687
  0.8958	 11722
  0.5081	 11759
  0.7787	 11770
  0.8137	 11807
  0.6645	 11818
  0.8234	 11830
  0.5904	 11849
  0.8105	 11863
  0.8496	 11873
  0.8667	 11921
  0.5630	 11941
  0.7363	 12004
  0.5903	 12011
  0.6454	 12068
  0.8357	 12090
  0.5260	 12181
  0.7499	 12183
  0.8852	 12202
  0.6829	 12212
  0.5927	 12241
  0.6514	 12260
  0.8901	 12297
  0.7163	 12301
  0.7025	 12352
  0.8176	 12355
  0.5305	 12383
  0.6516	 12389
  0.5040	 12396
  0.6276	 12413
  0.5357	 12419
  0.8756	 12480
  0.5646	 12507
  0.7312	 12512
  0.6095	 12534
  0.7673	 12568
  0.5017	 12589
  0.7716	 12626
  0.5116	 12633
  0.5094	 12648
  0.6611	 12662
  0.7761	 12672
  0.6766	 12681
  0.8197	 12704
  0.5426	 12724
  0.7939	 12770
  0.8954	 12808
  0.8428	 12813
  0.7705	 12822
  0.7428	 12838
  0.7218	 12854
  0.8267	 12857
  0.5487	 12868
  0.6799	 12869
  0.5799	 12894
  0.6847	 12897
  0.6895	 12930
  0.7550	 12961
  0.5493	 12967
  0.8079	 12992
  0.7108	 13004
  0.7532	 13021
  0.8196	 13036
  0.8946	 13064
  0.6296	 13081
  0.5400	 13101
  0.6366	 13102
  0.5960	 13124
  0.8386	 13155
  0.6244	 13169
  0.6874	 13189
  0.6805	 13195
  0.5883	 13196
  0.8191	 13205
  0.6023	 13230
  0.8523	 13250
  0.6945	 13282
  0.5235	 13293
  0.8928	 13297
  0.7443	 13308
  0.5693	 13324
  0.6510	 13365
  0.5487	 13371
  0.5233	 13388
  0.8290	 13402
  0.8796	 13407
  0.6692	 13412
  0.6516	 13429
  0.8858	 13437
  0.7072	 13494
  0.5674	 13500
  0.7062	 13515
  0.7659	 13521
  0.6378	 13531
  0.8067	 13550
  0.7301	 13618
  0.6319	 13652
  0.5777	 13666
  0.7610	 13681
  0.7945	 13702
  0.8024	 13742
  0.8128	 13783
  0.7302	 13797
  0.6481	 13817
  0.8005	 13846
  0.8408	 13871
  0.6702	 13874
  0.7270	 13915
  0.6166	 13933
  0.7137	 13952
  0.5062	 13959
  0.7748	 13971
  0.5604	 13978
  0.7069	 13982
  0.6749	 13983
  0.5004	 14004
  0.8544	 14020
  0.6290	 14037
  0.8885	 14062
  0.7639	 14064
  0.6891	 14131
  0.6643	 14146
  0.5737	 14164
  0.5612	 14187
  0.5556	 14213
  0.6162	 14223
  0.6712	 14265
  0.8808	 14278
  0.8451	 14289
  0.6866	 14352
  0.6626	 14354
  0.5244	 14356
  0.8246	 14379
  0.8600	 14404
  0.8051	 14425
  0.5307	 14478
  0.7642	 14503
  0.6660	 14507
  0.7959	 14510
  0.8000	 14540
  0.5398	 14547
  0.5754	 14557
  0.7085	 14569
  0.5719	 14624
  0.5205	 14644
  0.5880	 14652
  0.6171	 14682
  0.5575	 14694
  0.8134	 14741
  0.6402	 14776
  0.8924	 14810
  0.7579	 14815
  0.5125	 14844
  0.7951	 14854
  0.8425	 14858
  0.8987	 14931
  0.7299	 14970
  0.5044	 15008
  0.8892	 15052
  0.7936	 15059
  0.5919	 15116
  0.8421	 15165
  0.5434	 15227
  0.7717	 15250
  0.5146	 15270
  0.6225	 15273
  0.6058	 15317
  0.5197	 15344
  0.7851	 15358
  0.5250	 15370
  0.7846	 15396
  0.6854	 15407
  0.5471	 15415
  0.5576	 15425
  0.5119	 15434
  0.7922	 15520
  0.6878	 15576
  0.5852	 15578
  0.5980	 15595
  0.7906	 15606
  0.5471	 15620
  0.7007	 15622
  0.6982	 15660
  0.8474	 15668
  0.5318	 15680
  0.8171	 15719
  0.6703	 15741
  0.7362	 15742
  0.7833	 15764
  0.6514	 15778
  0.8412	 15795
  0.6355	 15806
  0.7392	 15838
  0.8566	 15848
  0.6874	 15852
  0.8968	 15875
  0.6318	 15906
  0.8336	 15934
  0.8694	 15947
  0.5456	 15950
  0.7949	 15978
  0.8896	 15982
  0.8101	 15985
  0.6608	 15999
  0.5257	 16013
  0.8099	 16020
  0.8461	 16073
  0.8033	 16167
  0.8184	 16228
  0.7994	 16372
  0.7989	 16387
  0.6513	 16430
  0.7585	 16448
  0.8067	 16455
  0.7994	 16457
  0.5269	 16458
  0.7228	 16468
  0.6440	 16476
  0.8530	 16491
  0.7137	 16560
  0.6584	 16578
  0.6501	 16580
  0.6704	 16581
  0.5521	 16588
  0.8015	 16599
  0.8476	 16607
  0.6003	 16613
  0.5579	 16683
  0.6853	 16687
  0.8394	 16690
  0.6194	 16691
  0.5464	 16718
  0.5977	 16731
  0.8572	 16742
  0.5506	 16748
  0.6624	 16785
  0.8051	 16814
  0.5265	 16840
  0.5245	 16875
  0.6284	 16918
  0.7225	 16927
  0.7389	 16971
  0.6306	 16990
  0.8248	 16993
  0.5284	 17006
  0.7865	 17008
  0.5908	 17047
  0.5741	 17059
  0.8259	 17072
  0.7655	 17124
  0.7544	 17135
  0.5491	 17199
  0.5117	 17201
  0.8224	 17215
  0.6471	 17218
  0.8958	 17248
  0.8688	 17262
  0.8613	 17264
  0.5517	 17341
  0.8744	 17381
  0.5280	 17406
  0.7875	 17420
  0.8407	 17449
  0.7899	 17476
  0.8955	 17498
  0.7094	 17530
  0.6800	 17540
  0.8477	 17552
  0.5895	 17565
  0.6504	 17622
  0.7909	 17658
  0.6571	 17690
  0.8388	 17712
  0.8902	 17727
  0.5226	 17751
  0.5824	 17770
  0.8912	 17781
  0.6109	 17808
  0.5355	 17812
  0.7400	 17887
  0.8372	 17975
  0.6878	 17978
  0.8058	 18014
  0.6180	 18035
  0.7100	 18078
  0.6081	 18176
  0.7601	 18188
  0.6017	 18190
  0.8772	 18212
  0.5096	 18263
  0.5565	 18282
  0.6963	 18283
  0.6790	 18306
  0.7149	 18311
  0.7571	 18324
  0.8608	 18327
  0.8468	 18338
  0.7081	 18351
  0.7042	 18392
  0.8913	 18441
  0.6410	 18444
  0.8467	 18445
  0.6723	 18451
  0.5227	 18524
  0.6228	 18531
  0.6126	 18561
  0.5524	 18569
  0.6360	 18580
  0.8270	 18585
  0.5552	 18647
  0.8515	 18662
  0.7956	 18696
  0.6034	 18709
  0.8663	 18768
  0.8538	 18772
  0.6557	 18801
  0.7132	 18813
  0.6004	 18820
  0.5297	 18832
  0.6210	 18870
  0.8616	 18873
  0.5619	 18876
  0.7024	 18933
  0.5713	 18943
  0.7239	 18950
  0.6485	 18957
  0.7302	 19078
  0.8048	 19126
  0.5079	 19134
  0.7631	 19141
  0.8023	 19173
  0.6673	 19181
  0.8487	 19233
  0.5255	 19237
  0.8968	 19247
  0.8078	 19250
  0.5911	 19276
  0.6281	 19283
  0.5123	 19312
  0.8481	 19376
  0.6729	 19398
  0.7783	 19405
  0.6078	 19420
  0.6298	 19433
  0.6937	 19439
  0.8079	 19490
  0.8679	 19491
  0.7734	 19503
  0.5618	 19512
  0.7217	 19535
  0.6936	 19552
  0.6969	 19592
  0.5495	 19639
  0.5538	 19666
  0.6429	 19688
  0.7217	 19704
  0.8028	 19707
  0.7253	 19779
  0.8393	 19788
  0.6231	 19796
  0.5479	 19926
  0.8079	 19936
  0.8099	 20000
  0.5817	 20046
  0.6493	 20062
  0.5305	 20072
  0.5092	 20193
  0.5093	 20241
  0.6033	 20245
  0.5672	 20250
  0.7682	 20290
  0.8429	 20298
  0.5504	 20332
  0.7589	 20333
  0.5225	 20354
  0.7034	 20357
  0.6424	 20369
  0.8537	 20435
  0.7363	 20436
  0.7292	 20463
  0.5708	 20476
  0.6241	 20486
  0.8163	 20546
  0.8591	 20548
  0.8856	 20549
  0.6074	 20579
  0.8541	 20624
  0.8717	 20631
  0.6733	 20633
  0.5274	 20702
  0.7046	 20716
  0.7001	 20760
  0.8461	 20763
  0.7987	 20764
  0.7440	 20780
  0.6493	 20783
  0.7904	 20820
  0.5656	 20842
  0.6318	 20843
  0.5774	 20902
  0.6826	 20907
  0.8651	 20911
  0.5243	 20916
  0.6393	 20944
  0.5096	 20950
  0.7281	 20951
  0.8601	 20954
  0.6245	 20961
  0.6030	 20962
  0.7712	 20967
  0.6936	 20969
  0.7266	 20981
  0.6341	 21003
  0.7293	 21005
  0.6056	 21014
  0.7629	 21032
  0.5669	 21068
  0.6699	 21074
  0.5682	 21101
  0.5660	 21104
  0.5166	 21142
  0.7910	 21145
  0.5681	 21146
  0.8323	 21179
  0.7464	 21184
  0.8332	 21206
  0.6815	 21223
  0.6015	 21235
  0.8296	 21255
  0.5838	 21262
  0.8497	 21273
  0.8936	 21277
  0.5723	 21304
  0.7406	 21305
  0.6276	 21380
  0.7094	 21383
  0.5041	 21393
  0.8372	 21403
  0.6128	 21417
  0.7224	 21440
  0.8413	 21461
  0.8472	 21470
  0.6143	 21552
  0.8778	 21569
  0.7800	 21571
  0.6271	 21598
  0.8328	 21621
  0.5038	 21624
  0.6454	 21695
  0.5132	 21699
  0.7408	 21705
  0.6094	 21737
  0.5605	 21770
  0.7764	 21776
  0.7652	 21778
  0.5633	 21791
  0.5783	 21807
  0.5480	 21829
  0.5267	 21833
  0.6070	 21836
  0.5452	 21869
  0.6921	 21909
  0.8805	 21913
  0.5530	 21914
  0.8809	 21957
  0.6878	 21968
  0.7235	 22079
  0.5184	 22085
  0.5251	 22117
  0.6073	 22151
  0.8040	 22173
  0.5223	 22188
  0.8899	 22190
  0.6032	 22225
  0.6817	 22264
  0.6918	 22280
  0.6057	 22329
  0.6946	 22345
  0.7920	 22364
  0.5061	 22458
  0.6441	 22477
  0.6316	 22500
  0.6792	 22534
  0.8328	 22543
  0.6886	 22547
  0.5305	 22559
  0.8817	 22624
  0.7801	 22638
  0.7532	 22740
  0.7162	 22745
  0.8040	 22756
  0.6487	 22805
  0.6018	 22841
  0.6876	 22846
  0.5694	 22929
  0.7875	 22949
  0.6807	 22956
  0.7861	 22978
  0.7759	 23009
  0.5431	 23041
  0.7958	 23055
  0.5642	 23088
  0.6502	 23101
  0.6678	 23136
  0.8850	 23179
  0.5608	 23193
  0.8124	 23197
  0.6121	 23198
  0.5835	 23271
  0.8311	 23287
  0.6499	 23379
  0.5058	 23445
  0.8526	 23447
  0.7407	 23448
  0.6603	 23454
  0.8042	 23496
  0.7350	 23538
  0.8441	 23555
  0.6113	 23561
  0.8179	 23589
  0.5314	 23596
  0.8075	 23602
  0.8892	 23621
  0.5264	 23670
  0.8483	 23710
  0.6941	 23714
  0.8375	 23723
  0.5138	 23731
  0.8455	 23742
  0.8346	 23746
  0.8055	 23760
  0.5650	 23778
  0.6948	 23802
  0.6913	 23826
  0.5641	 23829
  0.5790	 23841
  0.7971	 23877
  0.7368	 23931
  0.6939	 23951
  0.8623	 23966
  0.8581	 23988
  0.5124	 24031
  0.6987	 24055
  0.5938	 24129
  0.6227	 24139
  0.5905	 24144
  0.8992	 24146
  0.7013	 24157
  0.7404	 24183
  0.6057	 24236
  0.7848	 24244
  0.6573	 24257
  0.6170	 24259
  0.0583	 24327
  0.0599	 24373
  0.0557	 24382
  0.0535	 24389
  0.0690	 24417
  0.0538	 24436
  0.0676	 24468
  0.0538	 24474
  0.0512	 24522
  0.0667	 24533
  0.0523	 24552
  0.0527	 24593
  0.0634	 24611
  0.0680	 24614
  0.0622	 24620
  0.0505	 24622
  0.0684	 24646
  0.0695	 24673
  0.0656	 24693
  0.0505	 24776
  0.0545	 24791
  0.0528	 24794
  0.0505	 24796
  0.0640	 24811
  0.0676	 24887
  0.0635	 24893
  0.0669	 24897
  0.0582	 24926
  0.0570	 24933
  0.0509	 24943
  0.0606	 24958
  0.0622	 24960
  0.0667	 24966
  0.0686	 24989
  0.0612	 25001
  0.0685	 25011
  0.0509	 25035
  0.0688	 25046
  0.0541	 25067
  0.0541	 25082
  0.0669	 25117
  0.0659	 25142
  0.0582	 25180
  0.0615	 25184
  0.0511	 25196
  0.0533	 25210
  0.0514	 25264
  0.0613	 25283
  0.0651	 25356
  0.0622	 25362
  0.0603	 25397
  0.0656	 25432
  0.0571	 25446
  0.0677	 25540
  0.0689	 25559
  0.0519	 25568
  0.0601	 25586
  0.0590	 25625
  0.0607	 25692
  0.0567	 25741
  0.0629	 25748
  0.0589	 25772
  0.0549	 25787
  0.0667	 25795
  0.0690	 25797
  0.0530	 25823
  0.0666	 25879
  0.0548	 25889
  0.0586	 25915
  0.0564	 26004
  0.0647	 26025
  0.0579	 26042
  0.0644	 26085
  0.0698	 26091
  0.0535	 26103
  0.0546	 26104
  0.0592	 26170
  0.0593	 26173
  0.0661	 26199
  0.0686	 26212
  0.0584	 26213
  0.0590	 26233
  0.0539	 26241
  0.0676	 26252
  0.0619	 26335
  0.0692	 26411
  0.0682	 26424
  0.0516	 26429
  0.0557	 26475
  0.0558	 26477
  0.0601	 26490
  0.0692	 26551
  0.0700	 26563
  0.0647	 26579
  0.0543	 26587
  0.0560	 26617
  0.0624	 26619
  0.0507	 26636
  0.0659	 26714
  0.0518	 26722
  0.0649	 26736
  0.0566	 26762
  0.0652	 26816
  0.0615	 26819
  0.0645	 26843
  0.0546	 26844
  0.0602	 26857
  0.0527	 26884
  0.0533	 26924
  0.0634	 26926
  0.0653	 26938
