75
324
359
407
499
556
608
628
655
687
693
854
864
893
905
999
1019
1043
1081
1207
1282
1351
1459
1575
1582
1631
1642
1676
1708
1712
1735
1763
1764
1795
1871
1961
1964
1984
1987
2037
2103
2149
2187
2203
2347
2379
2435
2457
2490
2545
2556
2626
2631
2665
2798
2805
2845
2924
2947
3004
3041
3198
3323
3329
3343
3378
3416
3433
3521
3559
3565
3580
3609
3622
3725
3739
3793
3803
3934
3951
3967
3980
4057
4111
4178
4180
4192
4209
4243
4275
4360
4435
4521
4708
4739
4741
4745
4784
4812
4834
4845
4902
4928
4958
4959
4960
5007
5034
5067
5086
5107
5128
5354
5386
5461
5517
5525
5583
5592
5627
5657
5693
5786
5808
5835
5870
5874
5912
5927
6061
6073
6099
6141
6203
6204
6257
6267
6339
6344
6414
6464
6484
6514
6585
6637
6655
6676
6783
6793
6802
6815
6930
6933
6943
6969
7040
7041
7149
7183
7385
7425
7495
7507
7530
7617
7647
7660
7839
7915
7935
7978
8030
8036
8078
8182
8225
8262
8326
8375
8379
8409
8415
8420
8451
8475
8485
8507
8516
8526
8529
8585
8711
8757
8777
8808
8856
8927
8963
8970
8998
9023
9201
9265
9285
9287
9414
9478
9565
9613
9662
9683
9705
9712
9782
9801
9836
9845
9898
9944
10065
10133
10149
10153
10174
10264
10292
10536
10589
10645
10663
10682
10785
10860
10889
10935
10960
10964
11059
11113
11116
11128
11144
11165
11503
11550
11585
11657
11668
11687
11722
11770
11807
11830
11863
11873
11921
12004
12090
12183
12202
12297
12301
12352
12355
12480
12512
12568
12626
12672
12704
12770
12808
12813
12822
12838
12854
12857
12961
12992
13004
13021
13036
13064
13155
13205
13250
13297
13308
13402
13407
13437
13494
13515
13521
13550
13618
13681
13702
13742
13783
13797
13846
13871
13915
13952
13971
13982
14020
14062
14064
14278
14289
14379
14404
14425
14503
14510
14540
14569
14741
14810
14815
14854
14858
14931
14970
15052
15059
15165
15250
15358
15396
15520
15606
15622
15668
15719
15742
15764
15795
15838
15848
15875
15934
15947
15978
15982
15985
16020
16073
16167
16228
16372
16387
16448
16455
16457
16468
16491
16560
16599
16607
16690
16742
16814
16927
16971
16993
17008
17072
17124
17135
17215
17248
17262
17264
17381
17420
17449
17476
17498
17530
17552
17658
17712
17727
17781
17887
17975
18014
18078
18188
18212
18311
18324
18327
18338
18351
18392
18441
18445
18585
18662
18696
18768
18772
18813
18873
18933
18950
19078
19126
19141
19173
19233
19247
19250
19376
19405
19490
19491
19503
19535
19704
19707
19779
19788
19936
20000
20290
20298
20333
20357
20435
20436
20463
20546
20548
20549
20624
20631
20716
20760
20763
20764
20780
20820
20911
20951
20954
20967
20981
21005
21032
21145
21179
21184
21206
21255
21273
21277
21305
21383
21403
21440
21461
21470
21569
21571
21621
21705
21776
21778
21913
21957
22079
22173
22190
22364
22543
22624
22638
22740
22745
22756
22949
22978
23009
23055
23179
23197
23287
23447
23448
23496
23538
23555
23589
23602
23621
23710
23723
23742
23746
23760
23877
23931
23966
23988
24146
24157
24183
24244
