62
75
87
95
232
279
290
298
323
324
347
359
363
407
458
499
525
556
564
569
608
628
638
655
687
693
763
768
802
854
861
862
864
893
905
963
999
1019
1040
1043
1081
1207
1251
1282
1300
1318
1351
1354
1368
1390
1441
1459
1462
1548
1550
1555
1575
1580
1582
1631
1635
1636
1642
1643
1650
1676
1708
1712
1735
1763
1764
1767
1782
1795
1840
1857
1871
1932
1961
1964
1984
1987
2037
2054
2093
2103
2130
2149
2187
2203
2224
2347
2372
2379
2408
2423
2435
2457
2464
2490
2540
2545
2556
2613
2626
2631
2664
2665
2798
2805
2835
2844
2845
2924
2934
2947
3004
3041
3198
3272
3292
3294
3302
3322
3323
3329
3343
3378
3389
3411
3416
3433
3521
3548
3559
3563
3565
3569
3580
3609
3622
3642
3649
3659
3661
3673
3722
3725
3739
3759
3777
3793
3803
3864
3913
3934
3945
3951
3967
3980
4009
4045
4057
4111
4117
4119
4135
4156
4178
4180
4183
4192
4209
4215
4243
4275
4360
4362
4386
4411
4435
4497
4521
4633
4652
4708
4736
4739
4741
4745
4771
4777
4784
4812
4834
4845
4856
4900
4902
4928
4958
4959
4960
5007
5017
5019
5034
5067
5086
5107
5122
5128
5164
5169
5268
5323
5332
5354
5386
5389
5441
5449
5457
5461
5502
5517
5525
5583
5592
5627
5653
5657
5693
5735
5765
5786
5787
5808
5831
5835
5837
5870
5874
5885
5912
5927
5999
6019
6061
6073
6087
6099
6124
6141
6203
6204
6257
6267
6317
6339
6344
6414
6464
6484
6514
6518
6585
6588
6614
6624
6631
6635
6637
6639
6655
6676
6703
6763
6774
6783
6793
6802
6815
6843
6868
6930
6933
6943
6969
7040
7041
7149
7183
7212
7280
7288
7295
7350
7385
7404
7425
7495
7507
7530
7548
7575
7594
7596
7617
7634
7647
7660
7664
7734
7769
7820
7839
7881
7885
7915
7920
7935
7948
7971
7978
7982
8016
8030
8036
8078
8123
8182
8200
8225
8262
8264
8271
8326
8375
8379
8409
8415
8420
8451
8471
8475
8485
8507
8516
8518
8526
8529
8559
8565
8585
8632
8711
8717
8757
8777
8784
8788
8808
8856
8927
8963
8970
8998
9023
9037
9068
9074
9145
9201
9212
9261
9265
9285
9287
9288
9396
9414
9478
9518
9535
9541
9565
9607
9611
9613
9649
9662
9667
9668
9683
9705
9711
9712
9782
9801
9836
9845
9867
9898
9934
9944
9953
9971
9973
10037
10046
10065
10133
10149
10153
10168
10174
10177
10264
10292
10313
10326
10362
10412
10499
10516
10524
10536
10550
10589
10607
10609
10612
10616
10645
10658
10663
10668
10682
10777
10785
10819
10860
10872
10889
10935
10960
10964
10983
10994
11022
11059
11113
11116
11128
11144
11165
11241
11249
11311
11407
11503
11520
11529
11550
11574
11585
11597
11657
11663
11668
11679
11681
11687
11722
11759
11770
11807
11818
11830
11849
11863
11873
11921
11941
12004
12011
12068
12090
12181
12183
12202
12212
12241
12260
12297
12301
12352
12355
12383
12389
12396
12413
12419
12480
12507
12512
12534
12568
12589
12626
12633
12648
12662
12672
12681
12704
12724
12770
12808
12813
12822
12838
12854
12857
12868
12869
12894
12897
12930
12961
12967
12992
13004
13021
13036
13064
13081
13101
13102
13124
13155
13169
13189
13195
13196
13205
13230
13250
13282
13293
13297
13308
13324
13365
13371
13388
13402
13407
13412
13429
13437
13494
13500
13515
13521
13531
13550
13618
13652
13666
13681
13702
13742
13783
13797
13817
13846
13871
13874
13915
13933
13952
13959
13971
13978
13982
13983
14004
14020
14037
14062
14064
14131
14146
14164
14187
14213
14223
14265
14278
14289
14352
14354
14356
14379
14404
14425
14478
14503
14507
14510
14540
14547
14557
14569
14624
14644
14652
14682
14694
14741
14776
14810
14815
14844
14854
14858
14931
14970
15008
15052
15059
15116
15165
15227
15250
15270
15273
15317
15344
15358
15370
15396
15407
15415
15425
15434
15520
15576
15578
15595
15606
15620
15622
15660
15668
15680
15719
15741
15742
15764
15778
15795
15806
15838
15848
15852
15875
15906
15934
15947
15950
15978
15982
15985
15999
16013
16020
16073
16167
16228
16372
16387
16430
16448
16455
16457
16458
16468
16476
16491
16560
16578
16580
16581
16588
16599
16607
16613
16683
16687
16690
16691
16718
16731
16742
16748
16785
16814
16840
16875
16918
16927
16971
16990
16993
17006
17008
17047
17059
17072
17124
17135
17199
17201
17215
17218
17248
17262
17264
17341
17381
17406
17420
17449
17476
17498
17530
17540
17552
17565
17622
17658
17690
17712
17727
17751
17770
17781
17808
17812
17887
17975
17978
18014
18035
18078
18176
18188
18190
18212
18263
18282
18283
18306
18311
18324
18327
18338
18351
18392
18441
18444
18445
18451
18524
18531
18561
18569
18580
18585
18647
18662
18696
18709
18768
18772
18801
18813
18820
18832
18870
18873
18876
18933
18943
18950
18957
19078
19126
19134
19141
19173
19181
19233
19237
19247
19250
19276
19283
19312
19376
19398
19405
19420
19433
19439
19490
19491
19503
19512
19535
19552
19592
19639
19666
19688
19704
19707
19779
19788
19796
19926
19936
20000
20046
20062
20072
20193
20241
20245
20250
20290
20298
20332
20333
20354
20357
20369
20435
20436
20463
20476
20486
20546
20548
20549
20579
20624
20631
20633
20702
20716
20760
20763
20764
20780
20783
20820
20842
20843
20902
20907
20911
20916
20944
20950
20951
20954
20961
20962
20967
20969
20981
21003
21005
21014
21032
21068
21074
21101
21104
21142
21145
21146
21179
21184
21206
21223
21235
21255
21262
21273
21277
21304
21305
21380
21383
21393
21403
21417
21440
21461
21470
21552
21569
21571
21598
21621
21624
21695
21699
21705
21737
21770
21776
21778
21791
21807
21829
21833
21836
21869
21909
21913
21914
21957
21968
22079
22085
22117
22151
22173
22188
22190
22225
22264
22280
22329
22345
22364
22458
22477
22500
22534
22543
22547
22559
22624
22638
22740
22745
22756
22805
22841
22846
22929
22949
22956
22978
23009
23041
23055
23088
23101
23136
23179
23193
23197
23198
23271
23287
23379
23445
23447
23448
23454
23496
23538
23555
23561
23589
23596
23602
23621
23670
23710
23714
23723
23731
23742
23746
23760
23778
23802
23826
23829
23841
23877
23931
23951
23966
23988
24031
24055
24129
24139
24144
24146
24157
24183
24236
24244
24257
24259
24327
24373
24382
24389
24417
24436
24468
24474
24522
24533
24552
24593
24611
24614
24620
24622
24646
24673
24693
24776
24791
24794
24796
24811
24887
24893
24897
24926
24933
24943
24958
24960
24966
24989
25001
25011
25035
25046
25067
25082
25117
25142
25180
25184
25196
25210
25264
25283
25356
25362
25397
25432
25446
25540
25559
25568
25586
25625
25692
25741
25748
25772
25787
25795
25797
25823
25879
25889
25915
26004
26025
26042
26085
26091
26103
26104
26170
26173
26199
26212
26213
26233
26241
26252
26335
26411
26424
26429
26475
26477
26490
26551
26563
26579
26587
26617
26619
26636
26714
26722
26736
26762
26816
26819
26843
26844
26857
26884
26924
26926
26938
