24327
24373
24382
24389
24417
24436
24468
24474
24522
24533
24552
24593
24611
24614
24620
24622
24646
24673
24693
24776
24791
24794
24796
24811
24887
24893
24897
24926
24933
24943
24958
24960
24966
24989
25001
25011
25035
25046
25067
25082
25117
25142
25180
25184
25196
25210
25264
25283
25356
25362
25397
25432
25446
25540
25559
25568
25586
25625
25692
25741
25748
25772
25787
25795
25797
25823
25879
25889
25915
26004
26025
26042
26085
26091
26103
26104
26170
26173
26199
26212
26213
26233
26241
26252
26335
26411
26424
26429
26475
26477
26490
26551
26563
26579
26587
26617
26619
26636
26714
26722
26736
26762
26816
26819
26843
26844
26857
26884
26924
26926
26938
