62
87
95
232
279
290
298
323
347
363
458
525
564
569
638
763
768
802
861
862
963
1040
1251
1300
1318
1354
1368
1390
1441
1462
1548
1550
1555
1580
1635
1636
1643
1650
1767
1782
1840
1857
1932
2054
2093
2130
2224
2372
2408
2423
2464
2540
2613
2664
2835
2844
2934
3272
3292
3294
3302
3322
3389
3411
3548
3563
3569
3642
3649
3659
3661
3673
3722
3759
3777
3864
3913
3945
4009
4045
4117
4119
4135
4156
4183
4215
4362
4386
4411
4497
4633
4652
4736
4771
4777
4856
4900
5017
5019
5122
5164
5169
5268
5323
5332
5389
5441
5449
5457
5502
5653
5735
5765
5787
5831
5837
5885
5999
6019
6087
6124
6317
6518
6588
6614
6624
6631
6635
6639
6703
6763
6774
6843
6868
7212
7280
7288
7295
7350
7404
7548
7575
7594
7596
7634
7664
7734
7769
7820
7881
7885
7920
7948
7971
7982
8016
8123
8200
8264
8271
8471
8518
8559
8565
8632
8717
8784
8788
9037
9068
9074
9145
9212
9261
9288
9396
9518
9535
9541
9607
9611
9649
9667
9668
9711
9867
9934
9953
9971
9973
10037
10046
10168
10177
10313
10326
10362
10412
10499
10516
10524
10550
10607
10609
10612
10616
10658
10668
10777
10819
10872
10983
10994
11022
11241
11249
11311
11407
11520
11529
11574
11597
11663
11679
11681
11759
11818
11849
11941
12011
12068
12181
12212
12241
12260
12383
12389
12396
12413
12419
12507
12534
12589
12633
12648
12662
12681
12724
12868
12869
12894
12897
12930
12967
13081
13101
13102
13124
13169
13189
13195
13196
13230
13282
13293
13324
13365
13371
13388
13412
13429
13500
13531
13652
13666
13817
13874
13933
13959
13978
13983
14004
14037
14131
14146
14164
14187
14213
14223
14265
14352
14354
14356
14478
14507
14547
14557
14624
14644
14652
14682
14694
14776
14844
15008
15116
15227
15270
15273
15317
15344
15370
15407
15415
15425
15434
15576
15578
15595
15620
15660
15680
15741
15778
15806
15852
15906
15950
15999
16013
16430
16458
16476
16578
16580
16581
16588
16613
16683
16687
16691
16718
16731
16748
16785
16840
16875
16918
16990
17006
17047
17059
17199
17201
17218
17341
17406
17540
17565
17622
17690
17751
17770
17808
17812
17978
18035
18176
18190
18263
18282
18283
18306
18444
18451
18524
18531
18561
18569
18580
18647
18709
18801
18820
18832
18870
18876
18943
18957
19134
19181
19237
19276
19283
19312
19398
19420
19433
19439
19512
19552
19592
19639
19666
19688
19796
19926
20046
20062
20072
20193
20241
20245
20250
20332
20354
20369
20476
20486
20579
20633
20702
20783
20842
20843
20902
20907
20916
20944
20950
20961
20962
20969
21003
21014
21068
21074
21101
21104
21142
21146
21223
21235
21262
21304
21380
21393
21417
21552
21598
21624
21695
21699
21737
21770
21791
21807
21829
21833
21836
21869
21909
21914
21968
22085
22117
22151
22188
22225
22264
22280
22329
22345
22458
22477
22500
22534
22547
22559
22805
22841
22846
22929
22956
23041
23088
23101
23136
23193
23198
23271
23379
23445
23454
23561
23596
23670
23714
23731
23778
23802
23826
23829
23841
23951
24031
24055
24129
24139
24144
24236
24257
24259
